220297 39310
56970 621728
594584 299767
459858 513495
97526 673222
197414 361230
979599 287789
215320 840715
361928 72699
557203 181105
834336 797529
781441 46488
594208 513393
354183 40960
120852 893723
520171 745639
873948 119165
821869 482355
323136 177251
224216 659398
101029 929073
507434 218667
752664 736064
694284 464627
578139 824145
871652 46175
233400 868137
787228 118294
46803 467375
443393 893182
891855 863479
562864 105450
859148 673905
234401 208335
726904 748140
372713 562447
375964 981188
206477 132151
879353 942608
674566 435151
452799 407737
469611 200530
455414 773975
610636 397472
649339 978131
832615 131290
912283 369811
473865 53165
690849 168947
165277 417228
589867 957713
783500 993666
474158 152336
834264 306320
603737 70335
844073 482273
268503 505169
595730 618616
654392 594388
416662 288264
989997 509212
790336 484727
118571 956391
375776 396301
316139 73093
616969 511792
631424 487870
369814 133956
158982 107106
131993 354604
83680 544922
186749 653382
790080 759562
635941 969496
675172 972100
226500 170538
241800 30184
574865 496901
245989 36163
693776 244716
195423 139242
824886 105999
261034 786465
394393 69380
648040 545921
992093 660822
621517 764169
383375 912243
296709 969540
127859 160379
645246 594318
225483 415854
897231 983995
95304 719897
446382 195355
455256 503516
848413 934253
96597 200523
719622 729546
268814 660944
760574 747316
747747 461126
75711 968434
62098 723087
723194 959246
803782 618083
298771 391685
384072 91520
298560 946109
137903 597357
254473 119250
870350 280778
65168 46074
889153 962430
505458 673313
30103 611490
994588 433849
161912 912347
660 379338
412000 4776
456079 578120
346380 15435
513422 952552
402542 374263
552497 372699
161789 883529
553000 267186
151370 473993
194045 919761
692141 887766
925227 264318
375544 322555
259194 858509
321887 337344
656789 529871
268629 9649
459716 565174
231837 383983
858364 28148
589702 376746
980378 206168
579511 726733
892142 581800
85113 69800
568064 577811
731657 614171
707626 365078
364543 492391
908026 367367
60089 602940
491953 570787
220941 281792
915248 20711
827511 638541
448657 127651
193774 311398
440835 746947
870195 216020
233704 202789
45200 831851
29603 636074
804026 858681
152656 443185
472540 339191
608780 490745
811740 943536
645498 589409
463485 727421
104514 367496
570731 39349
471865 712889
375434 614054
443551 859173
128318 944043
809561 779585
234139 835589
173516 171132
479249 88494
241444 646570
74735 587786
417778 868186
708553 896566
314973 76262
176225 865405
221299 98287
640242 297313
726616 580255
646134 389061
958337 179030
912912 244304
912642 601952
345497 388388
397417 529191
901519 160020
922061 227795
722551 765719
504572 377740
845496 161711
444494 583332
704553 255509
86962 993148
782466 941435
580471 456693
5177 114081
837794 544738
858515 611437
791521 899608
305471 869226
193307 397903
752406 539365
361585 191978
225388 899108
545494 796945
752590 398496
494085 484078
295524 393760
503502 835259
64356 482909
408265 275489
180436 825922
970807 700721
147126 561089
646823 555701
835687 738354
517903 548901
403066 554524
971487 968418
189874 205347
768791 370111
114710 689866
444350 379418
724052 886120
404913 601653
221499 159458
77522 125553
375440 807283
57838 632748
631180 739402
334352 530566
63095 871217
155789 991108
336922 406696
860474 940373
567937 487839
636895 709086
205991 900405
171453 608266
935843 893021
563852 534093
471857 469151
199015 672333
71292 531410
91027 840799
514050 675112
59977 347876
308594 602724
632482 919969
473247 637430
38948 345059
265898 189978
837373 671390
813658 692194
649096 694420
564708 632584
653166 291523
470022 657387
368826 833849
821965 474174
622135 866146
938669 841497
592425 662755
886901 722490
573691 741056
203606 49915
901256 349984
650671 514105
732221 52842
444999 796938
575976 109175
56713 529019
59693 631800
746768 796952
137907 847231
852974 804950
262454 703368
57932 524057
843025 241233
254694 252263
650232 195065
807712 351404
768196 586021
901052 905950
942601 998006
537448 652658
871910 98927
320254 592092
500108 674514
47193 374793
899661 815480
187404 363065
412715 8271
357936 865552
604039 446253
603167 638516
738481 80765
780106 807227
742621 248724
619031 276338
635266 748427
213376 135849
73341 565957
670986 720923
222191 867797
684036 366683
190610 166502
139344 40048
637035 109802
783107 18194
514242 816497
873226 633710
858336 22086
11266 533790
425416 893387
780902 70898
109673 749875
816039 852708
941524 243440
969417 900485
159698 202557
868734 173100
579664 382520
660230 56780
872168 502093
957777 983530
900727 33210
611148 28586
730055 57550
188453 291762
593652 863645
211979 506038
259231 140692
402976 709748
662493 93395
18995 713876
229246 254254
813198 267081
936881 375093
692884 814092
183326 619957
707666 767609
777473 51221
174207 104777
308481 523271
966369 27692
820066 371996
113504 939172
203729 579602
5037 703924
795178 681121
378145 106207
385180 164657
806013 47870
867820 448548
484083 883802
642400 430053
511648 22628
76994 503828
242302 327715
173844 978292
42980 448982
906465 627939
704738 211349
679494 822137
604497 312889
912470 796883
719723 857791
529804 348679
914167 759290
149510 735204
245473 515842
871294 110058
721783 643414
618492 525750
702636 113681
801340 72522
955469 285058
242376 664425
160991 769761
400514 745321
619564 793092
881761 509228
351447 729487
278166 958483
355805 467637
629232 223457
662119 382807
244818 733478
137016 113405
344593 388503
648845 324059
917414 899450
759312 31602
989180 251102
234502 171049
846712 734259
919448 479179
593583 851129
738363 859818
975695 61251
430655 673950
829204 117929
830897 618388
456523 415768
591555 36737
148634 112897
650795 301661
252004 49864
845384 326995
552267 539336
788144 876098
541483 800319
476698 443923
184438 185655
876095 857291
42942 29483
524983 848765
638819 760799
150517 245180
101611 143313
731716 92192
214827 568211
61019 812026
793289 381647
745317 364027
874181 638130
294978 911860
464805 730108
69178 412057
534065 982982
769557 911278
729217 634028
511705 657557
498672 369395
181444 865676
460122 867371
546053 79640
504055 349250
923967 761808
423877 203376
318975 623712
144752 497078
198173 530863
290572 21089
775347 294735
946512 213513
969467 490548
510369 18104
477309 996032
735852 19052
397097 250870
105286 120025
559991 891143
171264 529084
657990 772435
442437 236153
263439 709444
233683 880831
867405 951513
653693 173833
139118 192700
839660 392328
633289 891300
274200 936940
920224 176693
264821 549356
334887 851622
983274 848352
427305 546689
288511 97168
15614 735965
78479 882678
627569 524024
979127 770524
719462 109862
653517 95220
369478 787893
121205 553572
50842 75659
494013 856022
67541 55270
584136 305847
36418 954497
461173 937234
321127 962321
14092 321960
283859 672410
553239 950257
144117 327384
255859 371427
320694 913406
104207 47459
859462 690891
44968 110313
244505 812593
661272 585773
158879 123016
947925 886547
633718 172376
332451 361059
232812 80786
909267 548293
825469 765214
128164 260227
389883 176231
186543 423294
934981 767113
202761 822705
475628 564357
547089 235536
691295 380532
764792 49006
195016 804249
714417 907937
639757 252461
33134 912269
2609 227538
978373 68802
185460 455177
437777 994708
368165 766943
499121 649943
66739 13910
800821 308075
516640 641452
470761 41095
147725 305018
273800 681812
373475 624563
879766 30107
298622 535982
8831 536476
62452 649135
193400 67266
148063 116954
10218 465743
600521 557884
719053 265847
95500 593655
445360 43851
413465 678223
648207 861937
937995 663589
685347 391823
723930 162269
596725 821649
127852 574927
423897 850243
560159 612502
469306 325388
25815 480833
652727 331183
649711 181135
424216 353875
87807 184452
15472 860057
687860 328603
22104 229090
278953 520928
998056 673141
290638 899063
8431 552021
501757 926762
793472 577152
248805 579022
933782 364571
552436 732943
612488 575677
975372 595630
166937 160701
228998 772483
781740 979483
379781 847368
604895 429101
837527 694174
182830 101419
734814 4479
946032 944181
763212 777250
328078 813119
349648 852458
384161 494788
227784 51717
701914 772485
879202 283113
578406 870052
941432 495285
947265 131729
146167 143571
633394 125637
473064 915788
729996 907926
861076 11922
349200 401277
620515 431668
616014 475878
961929 125187
190746 353673
222741 362862
162676 97307
187103 7434
524587 920969
167378 713901
170171 361512
304650 834936
743965 499593
275006 433352
234726 652582
114212 643693
9908 915161
634850 506191
500093 127990
219081 430223
982519 246719
553866 632983
599000 330221
128052 975616
814986 51372
348111 997959
29417 949436
383510 692905
879302 41241
296843 464715
792681 540698
976477 417645
883856 237691
212401 109133
474866 387714
772970 748625
788411 220334
208415 414778
356411 654375
64296 151270
262298 759973
563823 406832
131386 334056
560109 370988
233242 811925
677828 610605
797084 313608
21626 902148
745810 170477
515623 376378
759986 231936
95225 774724
838050 677670
312915 196565
327037 532087
226444 274530
237666 817838
404503 408814
851521 810149
268969 543288
416476 971886
46952 902690
459877 738980
239806 672121
52547 314519
592792 400401
786242 787269
911162 792653
108671 186844
736041 883918
180308 277644
647494 644509
166214 812271
104660 528264
152149 625479
507363 868662
161865 784049
282746 385048
270579 238638
847444 482836
414227 293286
886142 670565
129050 536281
180207 317599
644140 482949
874257 675364
361789 803529
323081 262908
310530 127389
261826 482405
792167 550405
642465 42165
585640 374976
644778 275401
62357 486355
392905 195003
471817 81025
659124 740966
294879 845191
985902 701237
849498 794013
431762 706384
369601 268682
322533 391133
64757 142166
340670 895186
353105 54781
584267 261483
747832 196149
271159 624219
464171 43251
658615 717517
82954 240198
17863 724144
164349 107011
946436 992592
544429 961316
489092 949430
588783 104974
504104 376280
949014 450051
747900 535751
510929 63685
698396 745756
128803 603734
554414 231388
449125 892627
137388 712950
374452 905302
753699 180950
539767 423449
632566 370254
988861 57298
724643 523254
602688 874587
827833 773864
664436 515452
544331 99070
875615 858887
647087 643487
673315 964567
488733 49470
456276 76461
796940 250901
504953 380603
5393 439382
210431 75938
882603 649925
697643 972104
172295 354622
895744 136103
920816 972258
540447 286013
767518 445787
761749 712847
911664 243614
263679 212051
845677 227641
343551 186194
23629 218481
917588 920598
969357 117270
398343 820751
691773 756208
466946 981360
68070 979279
497852 980894
436492 861316
263274 82371
700339 52132
873106 223496
3021 114891
150808 803632
160482 665072
570492 853740
184876 528474
655774 243191
149333 480667
717655 288634
391480 609375
161936 406536
927655 8511
31166 561906
276133 597864
768878 456548
38132 909502
966807 719054
954950 441723
479607 577199
292776 582425
306745 250528
203080 764496
831744 165544
561944 30817
596491 787753
828052 487098
112917 883204
451804 332956
262986 645486
250853 685466
268617 440233
650664 126941
693399 5936
207475 960736
72638 926825
175569 770082
101657 176152
477527 62634
739500 120664
561051 252731
140619 534607
71812 304990
407583 871046
227358 498681
704982 970523
200650 116401
240912 326769
757207 230623
929170 358679
599383 184859
32748 795478
517451 365445
978598 673840
610788 583039
845789 768862
39329 379455
428553 534599
299340 525622
168707 756226
632162 317452
718780 114839
231697 880975
387973 571555
6324 806283
875657 929622
65136 846780
547645 816380
642197 300781
222132 34283
543820 700757
528661 624806
496356 832173
363644 493861
759155 669361
893331 325659
105004 958334
620566 512057
117327 379118
107625 969093
611964 203722
760708 866057
711788 39629
214637 875940
996305 426596
774326 856874
930336 629761
790132 955477
188408 548424
991664 87241
898505 523049
658756 839412
18445 899606
190714 618759
105877 681410
213208 703015
236039 370331
60019 250375
334419 866741
231082 701464
551928 335741
691632 735513
634352 417248
347220 530800
732085 593067
677256 773067
537664 587857
809837 681390
833472 295917
789204 959643
156920 21506
92832 181133
74135 682105
661714 867814
509918 936897
548585 624298
516673 802423
425558 43201
873275 937744
488046 50814
702221 599042
800278 777474
770349 796568
628530 460432
116139 23318
671774 283300
109189 309940
280675 829007
764049 93704
793340 864456
517816 961813
500296 782989
531974 594001
829778 405569
691300 679767
953775 716969
138398 662740
60909 834778
605700 274308
574276 577859
711347 296822
34175 508341
355630 213800
84693 636215
141978 504443
334604 555003
292923 664565
337029 616109
529170 808410
737975 810582
726842 812130
974719 423499
582453 441953
136704 481537
193287 557114
372660 525506
694594 577896
485595 892313
481428 403146
679729 308962
398275 396763
145973 297677
762897 327956
558755 627195
755635 206940
930257 758796
833548 433765
13090 296685
18543 62045
625720 236830
491909 211187
922170 122227
531327 100073
705868 965822
452606 576327
165949 978717
517750 784965
578811 883228
469094 385409
763045 276686
138197 596021
515686 777999
238442 812006
257231 360672
766484 916841
553218 570328
130386 816653
693143 23602
460172 747189
100809 609606
885313 225586
46228 297448
50999 129647
774250 961907
870031 186678
888433 854100
740485 24240
691182 770728
384341 259332
271006 115116
244108 677916
250796 23918
715228 299332
483673 45694
460858 819484
415764 743970
208469 109113
554874 135337
812875 419022
70622 302085
62081 594509
333235 459982
961542 633872
139412 312596
564563 149392
996170 790006
323893 742624
589298 117702
937237 959198
158063 452636
402922 971148
753019 392427
188075 149934
945435 574918
411863 840316
406552 769562
452642 993000
494955 412516
272769 792336
